4739
4659
4666
4644
4685
4685
4658
4674
4678
4696
4696
4738
4745
4795
4811
4793
4804
4787
4812
4794
4794
4831
4835
4835
4805
4821
4760
4766
4751
4751
4723
4723
4706
4706
4706
4706
4722
4722
4724
4706
4705
4694
4694
4664
4664
4672
4672
4672
4653
4617
4617
4617
4617
4617
4619
4619
4619
4619
4619
4540
4540
4540
4544
4544
4544
4544
4544
4544
4544
4542
4542
4542
4542
4499
4499
4499
4499
4499
4499
4499
4499
4499
4500
4500
4500
4500
4517
4517
4434
4434
4434
4434
4434
4426
4424
4416
4416
4416
4416
4380
4380
4380
4380
4380
4379
4383
4383
4383
4383
4383
4383
4383
4383
4383
4383
4383
4383
4383
4383
4383
4383
4383
4365
4365
4365
4374
4374
4374
4374
4374
4374
4374
4374
4374
4374
4374
4374
4374
4361
4378
4378
4352
4352
4352
4352
4352
4352
4352
4352
4352
4352
4352
4352
4352
4352
4352
4352
4352
4352
4344
4344
4344
4344
4344
4344
4344
4344
4348
4348
4348
4348
4348
4348
4348
4348
4348
4348
4348
4348
4348
4348
4348
4348
4344
4344
4344
4344
4344
4344
4344
4344
4344
4344
4344
4344
4344
4344
4344
4344
4344
4344
4344
4340
4340
4340
4340
4340
4340
4340
4340
4340
4340
4340
4340
4340
4346
4346
4346
4346
4346
4346
4346
4346
4346
4346
4346
4346
4346
4346
4339
4340
4340
4329
4329
4329
4314
4314
4314
4314
4314
4314
4314
4314
4301
4301
4301
4301
4301
4301
4301
4301
4301
4298
4298
4298
4298
4298
4298
4298
4298
4298
4298
4298
4298
4298
4298
4298
4298
4298
4298
4298
4298
4298
4298
4298
4298
4298
4298
4298
4298
4298
4298
4287
4287
4287
4287
4287
4287
4284
4284
4284
4284
4284
4284
4284
4284
4284
4284
4284
4284
4284
4284
4284
4284
4284
4284
4284
4284
4284
4274
4274
4274
4276
4276
4276
4276
4276
4276
4276
4276
4276
4277
4277
4277
4277
4277
4277
4277
4277
4277
4277
4277
4277
4277
4277
4277
4277
4277
4277
4277
4277
4277
4277
4277
4277
4277
4277
4277
4277
4270
4270
4270
4223
4223
4207
4205
4205
4205
4205
4205
4205
4205
4205
4205
4205
4205
4205
4205
4205
4205
4205
4205
4205
4205
4205
4205
4205
4205
4205
4205
4205
4205
4205
4205
4205
4205
4205
4205
4205
4205
4205
4205
4205
4205
4205
4205
4205
4205
4205
4205
4205
4205
4205
4205
4205
4205
4205
4205
4205
4205
4205
4203
4203
4203
4203
4203
4203
4203
4203
4203
4203
4203
4203
4203
4203
4203
4203
4203
4203
4203
4203
4203
4203
4203
4203
4203
4203
4203
4203
4203
4203
4203
4203
4203
4203
4203
4203
4203
4203
4203
4203
4203
4203
4195
4195
4195
4195
4195
4195
4195
4195
4195
4195
4195
4195
4195
4195
4195
4195
4195
4195
4195
4195
4195
4195
4195
4195
4195
4195
4195
4195
4195
4195
4195
4195
4157
4157
4157
4157
4157
4157
4157
4157
4157
4157
4157
4157
4157
4157
4157
4157
4157
4157
4157
4157
4157
4157
4157
4157
4157
4157
4157
4157
4157
4157
4157
4157
4157
4157
4157
4157
4157
4157
4157
4157
4157
4157
4157
4157
4157
4157
4157
4157
4157
4157
4157
4157
4157
4157
4157
4157
4157
4157
4157
4157
4157
4157
4157
4157
4157
4157
4157
4157
4157
4157
4157
4157
4157
4157
4157
4157
4157
4157
4157
4157
4157
4157
4157
4157
4157
4157
4157
4157
4157
4157
4157
4157
4157
4157
4157
4157
4157
4157
4157
4157
4157
4157
4157
4157
4157
4157
4157
4157
4157
4157
4157
4157
4157
4157
4157
4157
4157
4157
4157
4157
4157
4148
4148
4148
4148
4148
4137
4137
4137
4137
4137
4137
4137
4137
4137
4137
4137
4137
4137
4137
4137
4137
4137
4137
4137
4137
4137
4137
4137
4137
4137
4137
4137
4137
4137
4137
4137
4137
4137
4137
4137
4137
4137
4137
4137
4137
4137
4137
4137
4137
4137
4137
4137
4137
4137
4137
4137
4137
4137
4137
4137
4137
4137
4137
4137
4137
4137
4137
4137
4137
4137
4137
4137
4137
4137
4137
4137
4137
4137
4137
4137
4137
4137
4137
4137
4137
4137
4137
4137
4137
4137
4137
4137
4137
4137
4137
4137
4137
4137
4137
4137
4137
4137
4137
4137
4137
4137
4137
4137
4137
4137
4137
4137
4137
4137
4137
4137
4137
4136
4136
4136
4136
4115
4115
4115
4115
4115
4115
4115
4115
4115
4115
4115
4115
4115
4115
4115
4115
4115
4115
4115
4115
4115
4115
4115
4115
4115
4115
4115
4115
4115
4115
4115
4115
4115
4115
4115
4115
4115
4115
4115
4115
4115
4115
4115
4115
4115
4115
4115
4115
4115
4115
4115
4115
4115
4115
4115
4115
4115
4115
4115
4115
4115
4115
4115
4115
4115
4115
4115
4115
4115
4115
4115
4115
4115
4115
4115
4115
4115
4115
4115
4115
4115
4115
4115
4115
4115
4115
4115
4115
4115
4115
4115
4115
4115
4115
4115
4114
4114
4114
4114
4114
4114
4114
4114
4114
4114
4114
4114
4114
4114
4114
4114
4114
4114
4114
4114
4114
4114
4114
4114
4114
4114
4093
4093
4093
4093
4093
4093
4093
4093
4093
4093
4093
4093
4093
4093
4093
4093
4093
4093
4093
4093
4093
4093
4093
4093
4093
4093
4093
4093
4093
4093
4093
4093
4093
4093
4093
4093
4093
4093
4093
4093
4093
4093
4093
4093
4093
4093
4093
4093
4093
4093
4093
4093
4093
4093
4093
4093
4093
4093
4093
4093
4093
4093
4093
4093
4093
4093
4093
4093
4093
4093
4093
4093
4093
4093
4093
4093
4093
4093
4093
4093
4093
4093
4093
4093
4093
4093
4093
4093
4093
4093
4093
4093
4093
4093
4093
4093
4093
4093
4093
4093
4093
4093
4093
4093
4093
4093
4093
4093
4093
4093
4093
4093
4093
4093
4093
4093
4093
4093
4093
4093
4093
4085
4085
4085
4085
4085
4085
4085
4085
4085
4085
4085
4085
4083
4083
4083
4083
4083
4083
4083
4083
4083
4083
4083
4083
4083
4083
4083
4083
4083
4083
4083
