4826
4687
4683
4683
4730
4702
4702
4738
4705
4670
4628
4628
4639
4639
4639
4639
4639
4652
4676
4662
4670
4694
4656
4617
4602
4602
4577
4577
4577
4584
4584
4584
4560
4560
4560
4560
4560
4540
4483
4483
4483
4480
4480
4480
4480
4480
4480
4480
4490
4490
4490
4490
4490
4490
4490
4490
4490
4490
4490
4490
4490
4490
4490
4519
4519
4519
4519
4519
4519
4519
4519
4519
4519
4519
4519
4519
4519
4519
4519
4519
4494
4494
4494
4494
4494
4502
4502
4502
4502
4502
4502
4502
4502
4502
4502
4502
4502
4502
4502
4502
4502
4502
4482
4482
4482
4482
4482
4482
4474
4474
4474
4474
4460
4460
4460
4460
4460
4460
4460
4460
4460
4460
4365
4365
4365
4365
4365
4365
4365
4365
4363
4363
4363
4363
4363
4363
4363
4363
4363
4363
4363
4363
4363
4363
4363
4363
4363
4363
4363
4363
4363
4363
4363
4363
4363
4363
4363
4363
4363
4363
4363
4363
4359
4359
4359
4359
4359
4359
4359
4359
4359
4359
4359
4359
4359
4359
4359
4359
4359
4359
4359
4336
4336
4336
4336
4336
4346
4346
4346
4346
4346
4329
4329
4320
4320
4320
4320
4320
4320
4320
4320
4320
4320
4323
4323
4323
4323
4323
4323
4323
4323
4323
4323
4323
4323
4323
4323
4323
4323
4318
4318
4318
4318
4318
4318
4318
4318
4318
4318
4318
4318
4318
4318
4318
4318
4318
4318
4318
4318
4318
4318
4318
4318
4301
4301
4301
4301
4301
4301
4301
4301
4301
4301
4301
4301
4301
4301
4301
4301
4301
4301
4301
4301
4301
4301
4301
4301
4301
4301
4301
4301
4301
4301
4301
4301
4301
4301
4301
4301
4301
4301
4301
4294
4294
4294
4294
4294
4294
4294
4294
4294
4294
4294
4294
4294
4294
4294
4294
4294
4294
4294
4294
4294
4294
4294
4294
4294
4294
4294
4294
4294
4294
4294
4294
4294
4294
4294
4294
4294
4294
4294
4294
4273
4273
4273
4273
4273
4273
4273
4258
4258
4258
4258
4258
4258
4258
4258
4258
4258
4258
4258
4258
4258
4258
4258
4258
4258
4258
4258
4258
4258
4258
4258
4258
4258
4258
4258
4258
4258
4258
4258
4258
4258
4258
4205
4205
4205
4205
4205
4205
4205
4205
4205
4205
4205
4205
4189
4189
4189
4189
4189
4189
4189
4189
4189
4189
4189
4189
4189
4189
4189
4189
4189
4189
4189
4189
4189
4189
4189
4189
4189
4189
4189
4189
4189
4189
4189
4189
4189
4189
4189
4189
4189
4189
4189
4189
4189
4189
4189
4189
4189
4189
4189
4189
4189
4189
4189
4189
4189
4189
4189
4189
4189
4189
4189
4189
4189
4189
4189
4189
4189
4189
4189
4189
4189
4189
4189
4189
4189
4189
4189
4189
4189
4189
4189
4189
4189
4189
4189
4189
4189
4189
4189
4189
4189
4189
4189
4189
4189
4189
4189
4189
4189
4189
4189
4189
4189
4189
4189
4189
4189
4189
4189
4189
4189
4157
4157
4157
4157
4157
4157
4157
4157
4157
4157
4157
4157
4157
4157
4157
4157
4157
4157
4157
4157
4157
4157
4157
4157
4157
4157
4157
4157
4157
4157
4157
4157
4156
4156
4156
4156
4156
4156
4156
4156
4156
4156
4156
4156
4156
4156
4153
4153
4153
4153
4153
4153
4153
4153
4153
4153
4153
4153
4153
4153
4153
4153
4153
4153
4153
4153
4153
4153
4153
4153
4153
4153
4153
4153
4153
4153
4153
4153
4153
4153
4153
4153
4153
4153
4153
4153
4153
4153
4153
4153
4148
4148
4148
4148
4148
4148
4148
4148
4148
4148
4148
4148
4148
4148
4148
4148
4148
4148
4148
4148
4148
4148
4148
4148
4148
4148
4148
4148
4148
4148
4148
4148
4148
4148
4148
4148
4148
4148
4148
4148
4148
4148
4148
4148
4148
4148
4148
4148
4148
4139
4139
4139
4139
4139
4139
4139
4139
4139
4123
4123
4123
4123
4123
4122
4122
4122
4122
4122
4122
4122
4122
4122
4122
4122
4122
4122
4122
4122
4122
4122
4122
4122
4122
4122
4122
4122
4122
4122
4122
4122
4122
4122
4122
4122
4122
4122
4122
4122
4119
4119
4119
4119
4119
4119
4119
4119
4119
4119
4119
4119
4119
4119
4119
4119
4119
4119
4119
4119
4119
4119
4119
4119
4119
4119
4119
4119
4119
4119
4119
4119
4119
4119
4119
4119
4119
4119
4119
4119
4119
4119
4119
4119
4119
4119
4119
4119
4115
4115
4115
4115
4115
4115
4115
4115
4115
4115
4115
4115
4115
4115
4115
4115
4115
4115
4115
4117
4117
4117
4117
4117
4117
4117
4117
4117
4117
4117
4117
4117
4117
4117
4117
4117
4117
4117
4117
4117
4117
4117
4117
4117
4117
4117
4117
4117
4117
4117
4117
4117
4117
4117
4117
4117
4117
4117
4117
4117
4117
4117
4117
4117
4117
4117
4117
4117
4117
4117
4117
4117
4117
4117
4117
4117
4117
4117
4117
4117
4117
4117
4117
4117
4117
4117
4117
4117
4117
4117
4117
4117
4117
4117
4117
4117
4117
4117
4117
4117
4117
4117
4117
4117
4117
4117
4117
4117
4117
4117
4117
4117
4117
4117
4117
4117
4117
4117
4117
4117
4117
4117
4117
4117
4117
4117
4117
4093
4093
4093
4093
4093
4093
4093
4093
4093
4093
4093
4093
4093
4093
4093
4093
4093
4093
4093
4093
4093
4093
4093
4093
4093
4093
4093
4093
4093
4093
4093
4093
4093
4093
4093
4093
4093
4093
4093
4093
4093
4093
4093
4093
4093
4093
4093
4093
4093
4093
4093
4093
4093
4093
4093
4093
4093
4093
4093
4093
4093
4093
4093
4093
4093
4093
4093
4093
4093
4093
4093
4093
4093
4093
4093
4093
4093
4093
4093
4093
4093
4093
4093
4093
4093
4093
4093
4093
4093
4093
4093
4093
4093
4093
4093
4093
4093
4093
4093
4093
4093
4093
4093
4093
4093
4093
4093
4093
4093
4093
4093
4093
4093
4093
4093
4093
4093
4093
4093
4093
4093
4085
4085
4085
4085
4085
4085
4085
4085
4085
4085
4085
4085
4085
4085
4085
4085
4085
4085
4085
4085
4085
4085
4085
4085
4085
4085
4085
4085
4085
4085
4085
