4762
4752
4752
4752
4720
4838
4838
4838
4838
4809
4809
4821
4821
4807
4758
4758
4769
4739
4680
4680
4689
4689
4755
4728
4728
4728
4728
4728
4740
4817
4801
4801
4706
4747
4747
4738
4738
4706
4706
4671
4671
4678
4653
4653
4653
4627
4627
4603
4603
4576
4576
4576
4526
4526
4495
4527
4495
4495
4495
4523
4504
4516
4498
4498
4492
4492
4492
4479
4479
4481
4481
4506
4506
4509
4509
4509
4501
4501
4501
4501
4495
4495
4480
4461
4461
4461
4442
4442
4442
4412
4412
4396
4396
4396
4396
4396
4383
4383
4383
4378
4378
4378
4375
4375
4375
4375
4375
4375
4374
4374
4374
4374
4374
4374
4374
4374
4374
4374
4365
4365
4365
4373
4365
4365
4365
4365
4365
4365
4365
4356
4369
4378
4378
4366
4366
4366
4360
4360
4360
4360
4360
4360
4360
4360
4360
4360
4360
4360
4357
4350
4350
4350
4350
4350
4350
4350
4350
4350
4348
4355
4355
4355
4355
4355
4355
4355
4355
4355
4355
4355
4355
4350
4350
4350
4350
4350
4350
4350
4350
4350
4350
4350
4350
4350
4350
4350
4350
4350
4350
4350
4350
4350
4350
4350
4348
4348
4348
4348
4348
4343
4343
4343
4343
4343
4343
4343
4343
4343
4343
4343
4343
4343
4343
4343
4343
4343
4343
4343
4343
4343
4343
4343
4343
4343
4343
4343
4343
4343
4343
4343
4343
4340
4346
4346
4346
4346
4346
4346
4346
4345
4345
4345
4345
4301
4301
4301
4301
4301
4301
4301
4301
4296
4296
4296
4297
4297
4297
4297
4297
4294
4294
4294
4294
4279
4279
4279
4279
4279
4279
4279
4279
4279
4279
4279
4279
4279
4279
4279
4279
4279
4279
4279
4279
4279
4279
4279
4279
4279
4279
4279
4279
4277
4277
4258
4258
4258
4258
4258
4258
4258
4258
4258
4258
4258
4258
4258
4258
4258
4258
4258
4258
4258
4258
4258
4258
4258
4258
4258
4258
4258
4258
4258
4258
4258
4258
4258
4258
4258
4258
4258
4258
4258
4258
4258
4258
4258
4258
4258
4258
4258
4258
4258
4258
4258
4258
4258
4258
4258
4258
4258
4258
4258
4258
4258
4258
4258
4258
4258
4258
4258
4258
4258
4258
4258
4205
4205
4205
4205
4205
4205
4205
4205
4205
4205
4205
4205
4205
4205
4205
4205
4205
4205
4205
4205
4205
4205
4205
4205
4205
4205
4204
4204
4204
4204
4204
4204
4204
4204
4204
4204
4204
4204
4204
4204
4204
4205
4205
4205
4205
4205
4205
4205
4205
4205
4205
4205
4205
4205
4205
4205
4205
4205
4205
4205
4205
4205
4205
4205
4205
4205
4205
4205
4205
4205
4205
4205
4205
4205
4205
4205
4205
4205
4205
4205
4205
4205
4180
4180
4180
4180
4180
4180
4180
4180
4180
4180
4180
4180
4180
4180
4180
4180
4180
4180
4180
4180
4180
4180
4180
4180
4157
4157
4157
4157
4157
4157
4157
4157
4157
4157
4157
4157
4157
4157
4157
4157
4157
4157
4157
4157
4157
4157
4157
4157
4157
4157
4157
4157
4157
4157
4157
4157
4157
4157
4157
4157
4157
4157
4157
4157
4157
4157
4157
4157
4157
4157
4157
4157
4157
4157
4157
4157
4157
4157
4157
4157
4157
4148
4148
4148
4148
4148
4148
4148
4148
4148
4148
4148
4148
4148
4148
4148
4148
4148
4148
4148
4148
4148
4148
4148
4148
4148
4148
4148
4148
4148
4148
4148
4148
4148
4148
4148
4148
4148
4148
4148
4148
4148
4148
4148
4148
4148
4148
4148
4148
4148
4148
4148
4148
4148
4148
4148
4148
4148
4148
4148
4148
4148
4148
4148
4148
4148
4148
4148
4148
4148
4148
4148
4148
4148
4148
4148
4148
4148
4148
4148
4148
4148
4148
4148
4148
4148
4148
4148
4148
4148
4148
4148
4148
4148
4148
4148
4148
4148
4148
4148
4148
4148
4148
4148
4148
4148
4148
4148
4148
4148
4148
4148
4148
4148
4148
4148
4148
4148
4148
4148
4148
4148
4148
4148
4148
4148
4148
4148
4148
4148
4148
4148
4148
4148
4148
4148
4148
4148
4148
4148
4148
4148
4148
4148
4148
4148
4148
4148
4148
4148
4148
4148
4148
4148
4148
4148
4148
4148
4154
4154
4154
4154
4154
4154
4154
4154
4154
4154
4154
4154
4154
4154
4154
4154
4154
4154
4154
4154
4154
4154
4154
4154
4154
4154
4154
4154
4154
4154
4154
4154
4154
4154
4154
4154
4154
4154
4154
4154
4154
4154
4154
4115
4115
4115
4115
4115
4115
4115
4115
4115
4115
4115
4115
4115
4115
4115
4115
4115
4115
4106
4106
4106
4106
4106
4106
4106
4106
4106
4106
4106
4106
4106
4106
4106
4106
4106
4106
4106
4106
4106
4106
4106
4106
4106
4106
4106
4106
4106
4106
4106
4106
4106
4106
4106
4106
4106
4106
4106
4106
4106
4106
4106
4106
4106
4106
4106
4106
4106
4106
4106
4106
4106
4106
4106
4106
4106
4106
4106
4106
4106
4106
4106
4106
4106
4106
4106
4106
4106
4106
4106
4106
4106
4106
4106
4106
4106
4106
4106
4106
4106
4106
4106
4106
4106
4106
4106
4106
4106
4106
4106
4106
4106
4106
4106
4106
4106
4106
4106
4106
4106
4106
4106
4091
4091
4091
4091
4091
4091
4091
4091
4091
4091
4091
4091
4091
4091
4091
4091
4091
4091
4091
4091
4091
4091
4091
4091
4091
4091
4091
4091
4091
4091
4091
4091
4091
4091
4091
4091
4091
4091
4091
4091
4091
4091
4091
4091
4091
4091
4091
4091
4091
4091
4091
4091
4091
4091
4091
4091
4091
4091
4091
4091
4091
4091
4091
4091
4091
4091
4091
4091
4091
4091
4091
4091
4091
4091
4091
4091
4091
4091
4091
4091
4091
4091
4091
4091
4091
4091
4091
4091
4091
4091
4091
4091
4091
4091
4091
4091
4091
4091
4091
4091
4091
4091
4091
4091
4091
4091
4091
4091
4091
4091
4091
4091
4091
4091
4091
4091
4091
4091
4091
4091
4091
4085
4085
4085
4085
4085
4085
4085
4085
4085
4085
4085
4085
4085
4085
4085
4085
4085
4085
4085
4085
4085
4085
4085
4085
4085
4085
4085
4085
4085
4085
4085
