4687
4678
4698
4641
4641
4641
4633
4690
4632
4602
4651
4633
4611
4611
4651
4670
4670
4670
4622
4619
4619
4619
4619
4619
4619
4619
4619
4615
4606
4606
4535
4535
4576
4603
4599
4599
4573
4573
4573
4573
4538
4519
4517
4517
4513
4522
4573
4573
4543
4545
4545
4545
4551
4503
4442
4442
4442
4442
4442
4449
4449
4449
4449
4449
4449
4449
4449
4449
4449
4462
4462
4462
4462
4462
4461
4461
4461
4461
4461
4461
4461
4466
4467
4474
4474
4474
4474
4474
4474
4474
4474
4474
4474
4480
4480
4480
4480
4478
4478
4478
4478
4478
4478
4478
4478
4478
4478
4478
4478
4467
4474
4474
4474
4474
4476
4476
4476
4476
4476
4476
4476
4476
4365
4365
4365
4365
4365
4365
4365
4365
4365
4365
4365
4365
4374
4374
4374
4374
4374
4374
4374
4374
4374
4374
4374
4374
4374
4374
4374
4374
4374
4374
4374
4374
4374
4374
4374
4374
4374
4374
4374
4377
4377
4377
4377
4343
4343
4343
4343
4343
4343
4343
4343
4343
4343
4343
4344
4344
4344
4344
4344
4344
4344
4344
4344
4344
4344
4344
4332
4332
4332
4332
4332
4332
4332
4332
4332
4332
4332
4332
4332
4332
4332
4332
4332
4332
4332
4326
4317
4317
4317
4317
4317
4317
4317
4317
4317
4317
4317
4317
4317
4317
4317
4317
4317
4317
4317
4317
4317
4317
4317
4317
4317
4317
4317
4317
4317
4317
4317
4317
4317
4317
4317
4301
4301
4301
4301
4301
4301
4301
4301
4301
4301
4287
4287
4287
4287
4287
4287
4287
4287
4287
4287
4287
4287
4287
4287
4287
4287
4287
4287
4287
4287
4287
4287
4287
4287
4287
4287
4287
4287
4287
4287
4287
4287
4287
4287
4287
4287
4287
4287
4287
4287
4287
4287
4287
4287
4287
4287
4287
4287
4287
4287
4287
4287
4287
4287
4287
4287
4287
4287
4287
4287
4287
4287
4287
4287
4287
4287
4287
4287
4287
4287
4287
4287
4287
4287
4287
4284
4284
4284
4284
4284
4284
4284
4284
4284
4284
4284
4284
4284
4284
4284
4284
4284
4284
4284
4284
4284
4284
4284
4286
4286
4286
4286
4286
4286
4286
4286
4286
4278
4278
4278
4278
4205
4205
4205
4205
4205
4205
4205
4205
4205
4205
4205
4202
4202
4202
4202
4202
4202
4202
4202
4202
4202
4202
4197
4197
4197
4197
4197
4197
4197
4197
4197
4197
4197
4197
4197
4197
4197
4197
4197
4197
4197
4197
4197
4197
4197
4197
4197
4197
4197
4197
4197
4197
4197
4197
4197
4197
4197
4197
4197
4197
4197
4197
4197
4197
4197
4197
4197
4197
4197
4197
4197
4197
4197
4197
4197
4197
4197
4197
4197
4197
4197
4197
4197
4197
4197
4197
4197
4197
4197
4197
4197
4197
4197
4197
4197
4197
4197
4197
4197
4197
4197
4197
4197
4197
4197
4197
4197
4197
4197
4197
4197
4197
4197
4197
4197
4197
4197
4197
4197
4197
4197
4157
4157
4157
4157
4157
4157
4157
4157
4157
4157
4157
4157
4157
4157
4157
4157
4157
4157
4157
4157
4157
4157
4157
4157
4157
4157
4157
4157
4157
4157
4157
4157
4157
4157
4157
4157
4157
4157
4157
4157
4157
4157
4157
4157
4157
4157
4157
4157
4157
4157
4157
4157
4157
4157
4157
4157
4157
4157
4157
4157
4157
4157
4157
4157
4157
4157
4157
4157
4157
4157
4157
4157
4157
4157
4157
4157
4157
4157
4157
4157
4157
4157
4157
4157
4157
4157
4157
4157
4157
4157
4157
4157
4157
4157
4157
4157
4157
4157
4157
4157
4157
4157
4157
4157
4157
4157
4157
4157
4157
4157
4157
4157
4157
4157
4157
4157
4157
4157
4157
4157
4157
4148
4148
4148
4148
4148
4148
4148
4148
4148
4148
4148
4148
4148
4148
4151
4151
4151
4151
4151
4151
4151
4151
4151
4151
4151
4151
4151
4151
4151
4151
4151
4151
4151
4151
4151
4151
4151
4151
4151
4151
4151
4151
4151
4151
4151
4151
4151
4151
4151
4151
4151
4151
4151
4151
4151
4151
4151
4151
4151
4151
4151
4151
4151
4151
4151
4144
4144
4144
4144
4144
4144
4144
4144
4144
4144
4144
4144
4144
4144
4144
4144
4144
4144
4144
4144
4123
4123
4123
4123
4123
4123
4123
4123
4123
4123
4123
4123
4124
4124
4124
4124
4124
4124
4124
4124
4124
4124
4124
4124
4124
4124
4124
4124
4124
4124
4124
4124
4124
4124
4124
4124
4115
4115
4115
4115
4115
4115
4115
4115
4115
4115
4115
4115
4115
4115
4115
4115
4115
4115
4115
4115
4115
4115
4115
4115
4115
4115
4115
4115
4115
4115
4115
4115
4115
4115
4115
4115
4115
4107
4107
4107
4107
4107
4107
4107
4107
4107
4107
4107
4107
4107
4107
4107
4107
4107
4107
4107
4107
4107
4107
4107
4107
4107
4107
4107
4107
4107
4107
4107
4107
4107
4107
4107
4107
4107
4107
4107
4107
4107
4107
4107
4107
4107
4107
4107
4107
4107
4107
4107
4107
4107
4107
4107
4107
4107
4107
4107
4107
4107
4107
4107
4107
4107
4107
4107
4107
4107
4107
4107
4107
4107
4107
4107
4107
4107
4107
4107
4107
4107
4107
4107
4107
4093
4093
4093
4093
4093
4093
4093
4093
4093
4093
4093
4093
4093
4093
4093
4093
4093
4093
4093
4093
4093
4093
4093
4093
4093
4093
4093
4093
4093
4093
4090
4090
4090
4090
4090
4090
4090
4090
4090
4090
4085
4085
4085
4085
4085
4085
4085
4085
4085
4085
4085
4085
4085
4085
4085
4085
4085
4085
4085
4085
4085
4085
4085
4085
4085
4085
4085
4085
4085
4085
4085
4085
4085
4085
4085
4085
4085
4085
4085
4085
4085
4085
4085
4085
4085
4085
4085
4085
4085
4085
4085
4085
4085
4085
4085
4085
4085
4085
4085
4085
4085
4085
4085
4085
4085
4085
4085
4085
4085
4085
4085
4085
4085
4085
4085
4085
4085
4085
4085
4085
4085
4085
4085
4085
4085
4085
4085
4085
4085
4085
4078
4078
4078
4078
4078
4078
4078
4078
4078
4078
4078
4078
4078
4078
4078
4078
4078
4078
4078
4078
4078
4078
