4835
4690
4676
4676
4609
4575
4638
4612
4587
4635
4635
4614
4600
4589
4589
4589
4599
4599
4599
4599
4599
4599
4599
4589
4605
4597
4627
4627
4627
4627
4595
4595
4595
4595
4606
4601
4567
4567
4567
4567
4579
4508
4508
4508
4508
4508
4508
4508
4508
4508
4508
4508
4508
4495
4504
4496
4496
4496
4493
4493
4493
4493
4482
4482
4482
4481
4481
4436
4436
4436
4436
4436
4436
4436
4436
4436
4436
4436
4436
4444
4432
4432
4432
4432
4432
4432
4432
4432
4432
4432
4432
4432
4409
4366
4371
4371
4371
4368
4368
4368
4368
4368
4368
4368
4374
4374
4374
4374
4374
4374
4374
4374
4374
4374
4374
4374
4374
4374
4374
4374
4374
4374
4365
4365
4365
4365
4372
4372
4372
4372
4372
4372
4385
4385
4385
4393
4393
4393
4393
4393
4393
4393
4393
4393
4393
4400
4400
4400
4400
4400
4400
4380
4380
4380
4380
4380
4380
4380
4380
4380
4363
4363
4363
4363
4363
4363
4363
4363
4363
4363
4363
4363
4363
4351
4351
4351
4351
4351
4351
4351
4351
4351
4361
4361
4361
4361
4361
4361
4355
4355
4355
4355
4355
4359
4359
4359
4359
4359
4359
4359
4359
4359
4346
4346
4346
4346
4346
4346
4344
4344
4344
4344
4344
4344
4344
4344
4344
4344
4344
4344
4344
4344
4344
4344
4344
4344
4344
4344
4344
4344
4344
4344
4344
4344
4344
4301
4301
4301
4301
4301
4301
4301
4301
4301
4301
4301
4301
4301
4301
4301
4301
4301
4301
4301
4301
4301
4301
4301
4301
4301
4301
4301
4301
4301
4301
4290
4290
4290
4290
4290
4290
4290
4290
4289
4289
4289
4289
4289
4289
4289
4289
4289
4289
4289
4289
4289
4290
4290
4290
4290
4290
4290
4290
4290
4290
4290
4290
4285
4285
4285
4285
4285
4285
4267
4267
4267
4267
4267
4267
4267
4267
4267
4267
4267
4267
4267
4267
4267
4267
4267
4267
4267
4267
4267
4267
4267
4267
4267
4267
4267
4267
4267
4267
4267
4267
4267
4267
4267
4267
4267
4267
4267
4267
4267
4267
4267
4267
4267
4267
4267
4267
4267
4267
4267
4267
4267
4267
4267
4267
4267
4267
4267
4267
4267
4205
4205
4205
4205
4205
4205
4205
4205
4205
4205
4205
4205
4205
4205
4205
4205
4205
4205
4205
4205
4205
4205
4205
4205
4205
4205
4205
4205
4205
4205
4205
4205
4205
4205
4205
4205
4205
4205
4205
4205
4205
4205
4205
4205
4205
4205
4205
4205
4205
4205
4205
4205
4205
4205
4205
4205
4205
4205
4205
4205
4205
4205
4205
4205
4205
4205
4205
4205
4205
4205
4205
4205
4205
4205
4205
4205
4205
4205
4205
4205
4205
4205
4205
4205
4205
4205
4205
4205
4205
4205
4205
4205
4205
4205
4199
4199
4199
4199
4195
4195
4195
4195
4195
4195
4195
4195
4195
4195
4195
4195
4195
4195
4195
4195
4195
4195
4195
4195
4195
4195
4195
4157
4157
4157
4157
4157
4157
4155
4155
4155
4155
4155
4155
4155
4155
4155
4155
4155
4155
4155
4155
4155
4155
4155
4155
4155
4155
4155
4155
4155
4155
4155
4155
4155
4155
4155
4155
4155
4155
4155
4155
4155
4155
4155
4155
4155
4155
4155
4155
4155
4155
4155
4155
4155
4155
4155
4155
4155
4155
4155
4155
4155
4155
4155
4155
4155
4155
4155
4155
4155
4155
4155
4155
4155
4155
4155
4155
4155
4155
4155
4155
4155
4155
4155
4155
4155
4155
4155
4155
4155
4155
4155
4155
4155
4155
4155
4155
4155
4155
4155
4155
4155
4155
4155
4155
4155
4155
4155
4155
4155
4155
4155
4155
4155
4155
4155
4155
4155
4155
4155
4155
4155
4148
4148
4148
4148
4148
4148
4148
4148
4148
4148
4148
4148
4148
4148
4148
4148
4148
4148
4148
4148
4148
4148
4148
4148
4148
4148
4148
4148
4148
4148
4148
4148
4148
4148
4148
4148
4148
4148
4148
4148
4148
4148
4148
4148
4148
4148
4148
4148
4148
4148
4148
4148
4148
4148
4148
4148
4148
4148
4148
4148
4148
4148
4148
4148
4148
4148
4148
4148
4148
4148
4148
4148
4148
4148
4148
4148
4140
4138
4138
4138
4138
4138
4138
4138
4138
4138
4138
4138
4138
4138
4138
4138
4138
4138
4138
4138
4138
4138
4138
4138
4138
4138
4138
4138
4138
4138
4138
4138
4138
4138
4138
4138
4138
4138
4138
4138
4138
4138
4138
4138
4138
4115
4115
4115
4115
4115
4115
4115
4115
4115
4115
4115
4115
4115
4115
4115
4115
4115
4115
4115
4115
4115
4115
4115
4115
4115
4115
4115
4115
4115
4115
4107
4107
4107
4107
4093
4093
4093
4093
4093
4093
4093
4093
4093
4093
4093
4093
4093
4093
4093
4093
4093
4093
4093
4093
4093
4093
4093
4093
4093
4093
4093
4093
4093
4093
4093
4093
4093
4093
4093
4093
4093
4093
4093
4093
4093
4093
4093
4093
4093
4093
4093
4093
4093
4093
4093
4093
4093
4093
4093
4093
4093
4093
4093
4093
4093
4093
4093
4093
4093
4093
4093
4093
4093
4093
4093
4093
4093
4093
4093
4093
4093
4093
4093
4093
4093
4093
4093
4093
4093
4093
4093
4093
4093
4093
4093
4093
4093
4093
4093
4093
4093
4093
4093
4093
4093
4093
4093
4093
4093
4093
4093
4093
4093
4093
4093
4093
4093
4093
4093
4093
4093
4093
4093
4093
4093
4093
4093
4093
4093
4093
4093
4093
4093
4093
4093
4093
4093
4093
4093
4093
4093
4093
4093
4093
4093
4093
4093
4093
4093
4093
4093
4093
4093
4093
4093
4093
4093
4093
4093
4093
4093
4093
4093
4093
4093
4093
4093
4093
4093
4093
4093
4092
4092
4092
4092
4092
4092
4092
4092
4092
4092
4092
4092
4092
4092
4092
4092
4092
4092
4092
4092
4092
4092
4092
4092
4092
4092
4092
4092
4092
4092
4092
4092
4092
4092
4092
4092
4092
4092
4092
4092
4092
4085
4085
4085
4085
4085
4085
4085
4085
4085
4085
4085
4085
4085
4085
4085
4085
4085
4085
4085
4085
4085
4085
4085
4085
4085
4085
4085
4085
4085
4085
4085
